0.834461 0.0893033
276.732 2161.19
-8.54543e-05 0.00372066
-0.105178 8.12518
-3.46697e-05 0.000622691
-5.81348e-06 0.652303
4.51505 1.58503
2.56627 0.740768
0.593673 0.271133
0.265207 0.238675
0.00591096 0.115931
0.415307 0.129778
-0.260755 0.136896
0.0638232 0.0748777
0.0332954 0.0403315
-0.114681 0.0608724
-0.249069 0.0531679
0.0422436 0.0274902
-0.166165 0.0367809
-0.123637 0.0404497
-0.204449 0.0251444
-0.0655869 0.0254006
-0.143208 0.0244668
-0.0787489 0.0235339
-0.10885 0.0191842
-0.118911 0.0194048
-0.111148 0.0170011
-0.11672 0.0168788
-0.0897901 0.0152305
-0.138876 0.0142843
-0.112041 0.0130719
-0.107632 0.0127525
-0.0879671 0.0116586
-0.108618 0.0113951
-0.112885 0.0114603
-0.0818074 0.00916258
-0.0978731 0.0102714
-0.0786389 0.00861713
-0.077872 0.00866962
-0.0908726 0.00846796
-0.0629454 0.00833173
-0.0695763 0.00804953
-0.0582242 0.0097247
-0.0493499 0.00918657
-0.0344442 0.0105965
-0.046729 0.0113186
-0.015315 0.0106702
-0.0291638 0.0111815
-0.0129134 0.0113876
-0.00808848 0.0110386
-0.00741895 0.0109429
-0.00347543 0.0111666
0.00429905 0.0103948
-7.75127e-05 0.010064
0.000363845 0.0097281
-0.0016516 0.00979113
-0.00743365 0.00988831
-0.00146277 0.00954932
-0.0113893 0.00974205
-0.00890632 0.00918521
-0.00756732 0.00945337
-0.0128263 0.00840881
-0.01465 0.00816113
-0.00689568 0.0076375
-0.0145288 0.00737548
-0.00901336 0.00777472
-0.0118949 0.00735529
-3.39336 3.38544
-4.61669 7.26108
-6.86492 10.8088
-6.11674 10.5498
-4.59138 6.48198
-5.36645 9.28452
-5.39975 9.00284
-5.20129 7.83195
-5.28216 8.0545
-5.12294 7.30543
-5.00484 6.7778
-5.00727 6.53022
-5.0063 6.43887
-4.91204 5.89603
-4.75584 5.19164
-4.83495 5.12692
-5.14545 4.96201
-4.50052 4.05532
-4.99104 4.72717
-6.14473 6.62769
-4.47265 3.50152
-3.36273 1.70627
-4.73496 2.04504
-6.38656 3.52457
-8.73988 5.53052
0.000220109 0.0507775
0.000390361 0.0192681
8.598e-05 0.0084039
5.45931e-05 0.00647341
2.58026e-05 0.00416045
3.54454e-05 0.00346842
2.2476e-05 0.0043886
2.05185e-05 0.00293955
-5.84532e-06 0.00196127
2.45996e-05 0.00288347
7.45755e-06 0.00223287
1.7261e-05 0.00161805
-9.57039e-06 0.00172585
5.58169e-06 0.00196619
1.806e-05 0.00137529
1.31579e-05 0.00136224
-4.54827e-06 0.00127988
6.25741e-05 0.00121558
5.96904e-05 0.00112633
1.39292e-05 0.00112645
-3.04452e-05 0.00103737
-1.22402e-05 0.000999403
7.26984e-06 0.000984209
-2.11556e-05 0.000910591
-3.1941e-05 0.000870731
-1.98322e-05 0.000863263
-1.06909e-05 0.000820571
-9.09672e-06 0.000777659
-1.60363e-05 0.000766124
-1.20295e-05 0.000703917
-1.61664e-06 0.000719548
-1.58822e-05 0.000659383
-6.75778e-06 0.000658101
-3.83235e-06 0.000643809
-1.14674e-05 0.000628181
-2.6588e-05 0.000608242
-1.2047e-05 0.000638542
4.96203e-07 0.000611473
1.52146e-06 0.000619569
-1.03233e-06 0.000612419
1.33182e-07 0.000599276
-4.49485e-06 0.000606757
6.26992e-06 0.000617528
4.32919e-06 0.000629751
-1.84499e-06 0.000624052
2.09107e-09 0.000642865
5.33756e-07 0.000640948
6.01517e-06 0.000638599
4.50599e-06 0.00064302
3.63099e-06 0.000657667
5.74821e-06 0.000664501
6.51285e-08 0.000671934
2.62064e-06 0.000684886
-3.22143e-06 0.000666032
-6.64426e-06 0.000680945
-8.94663e-07 0.000644056
1.11198e-08 0.000643187
-1.2493e-06 0.000621238
-6.39446e-06 0.000611515
2.05608e-06 0.000621327
-3.43207e-06 0.000599782
-0.00158729 0.272086
-0.00125373 0.314285
-0.0010217 0.490432
-0.000984284 0.466225
-0.00101923 0.342861
-0.00114375 0.449361
-0.00116615 0.447598
-0.00127565 0.397348
-0.00132218 0.386777
-0.00134498 0.35894
-0.00130622 0.333794
-0.00142803 0.32336
-0.00156334 0.310624
-0.00162221 0.286595
-0.00151735 0.25448
-0.00174534 0.24997
-0.00176401 0.246889
-0.00188462 0.202733
-0.00190281 0.216282
-0.00201577 0.2759
-0.00206653 0.170383
-0.00212552 0.129998
-0.00232671 0.151462
-0.0025973 0.239957
-0.00325942 0.379344
-0.000111697 0.00679997
-6.10588e-05 0.00238452
-2.12482e-05 0.00129063
-1.60642e-05 0.000929893
9.09842e-07 0.00066995
-2.96543e-05 0.000526864
1.35754e-05 0.0006446
-5.10682e-06 0.000462791
-3.27449e-06 0.000344353
-3.00455e-06 0.000466088
3.70074e-06 0.000358793
-9.54673e-06 0.000292276
6.05845e-06 0.000300499
-1.97462e-06 0.000334009
1.1697e-05 0.000245202
1.33646e-06 0.000238151
5.30937e-06 0.000227775
-5.06697e-06 0.000216962
-1.8831e-06 0.000207539
3.13025e-06 0.000203718
5.08682e-06 0.000188391
2.24163e-06 0.000182855
4.78732e-06 0.000181451
6.03376e-06 0.000167835
7.33337e-06 0.000162924
7.78525e-06 0.000160476
4.66028e-06 0.000154934
8.24343e-06 0.000146337
5.33622e-06 0.00014356
5.06528e-06 0.000134172
3.47475e-06 0.000134784
4.1961e-06 0.00012625
4.08976e-06 0.000124912
4.88575e-06 0.000123223
2.7474e-06 0.00011972
5.10586e-06 0.000116796
1.30415e-06 0.000120836
3.41541e-06 0.000116292
1.06305e-06 0.000116816
2.95157e-06 0.000114989
-4.45172e-07 0.000113025
-1.86465e-06 0.00011247
-2.79652e-06 0.000113514
-2.27356e-06 0.000115917
-2.01643e-06 0.00011381
-1.16525e-06 0.000116727
-9.76523e-07 0.000116937
1.03747e-07 0.000116747
-5.03658e-07 0.000117399
-5.71967e-07 0.000119652
3.62558e-07 0.000120481
-8.91148e-07 0.000123122
-9.86824e-07 0.000124952
-1.66967e-06 0.000122462
-1.01133e-06 0.000124911
-2.61286e-07 0.000119682
1.37351e-06 0.000120173
-1.13429e-06 0.000116936
6.55561e-07 0.000115818
4.33944e-07 0.000117167
5.37065e-07 0.000113765
0.000512691 0.0528562
0.000415271 0.0556885
0.000498887 0.084307
0.00041138 0.0800283
0.000364851 0.0597301
0.000415802 0.0754443
0.000432374 0.075626
0.0004521 0.0674561
0.000467168 0.064512
0.000473167 0.0603198
0.00046616 0.0568239
0.000512229 0.0556868
0.000552417 0.053453
0.000578904 0.0504304
0.000523383 0.0447041
0.000595921 0.0432965
0.000655131 0.0435105
0.00062767 0.0361252
0.000721992 0.0372286
0.000790346 0.0459927
0.000744317 0.0304787
0.00069126 0.0250143
0.000861282 0.0292787
0.00103684 0.0457473
0.00136299 0.0746199
