0.703739 0.150756
180.061 543.819
-6.94565e-05 0.00376108
-0.0918096 2.62471
-4.91279e-05 0.000519927
2.10797e-06 0.239122
3.99189 1.75278
1.731 1.18446
0.265388 0.440041
0.513132 0.173989
0.158068 0.146358
0.425379 0.123846
0.00714425 0.13887
0.128204 0.0513282
0.167452 0.0551409
-0.130882 0.0648596
0.202738 0.0298409
-0.100775 0.0471074
0.00192675 0.0384291
-0.0777766 0.0321509
0.0355786 0.0319496
-0.0699635 0.0296694
0.0578787 0.0248207
0.0659824 0.0241346
-0.146582 0.0309523
0.046466 0.0194535
-0.103953 0.0211821
0.0703884 0.0187046
-0.105085 0.0183231
0.0170711 0.0159781
-0.0554731 0.014102
0.0116834 0.0133635
0.00114716 0.0130672
-0.0785025 0.0168421
0.0147655 0.0105045
-0.0812023 0.0135433
-0.0101109 0.011823
-0.0832881 0.0110286
-0.0359028 0.0122351
-0.0710386 0.00994021
-0.0412599 0.010003
-0.0299681 0.00911424
-0.0517719 0.00936566
-0.00316574 0.00791466
-0.0432274 0.0085443
-0.0254034 0.00872016
-0.0447985 0.00755716
-0.0198991 0.0081874
-0.0661126 0.00760243
-0.0197871 0.00733859
-0.0281453 0.00727214
-0.0163274 0.00678177
-0.0143668 0.00656136
-0.0476087 0.00641679
-0.00996212 0.00591986
-0.0516384 0.00635549
-0.0110717 0.00602884
-0.0372309 0.00580631
-0.0253054 0.00604268
-0.020274 0.00535695
-0.0203683 0.00552159
-0.0198947 0.00509752
-0.0312552 0.00507082
-0.00915224 0.00492332
-0.0295434 0.0046897
-0.0241768 0.0049522
-0.0319217 0.00450136
-5.38835 10.0455
-5.58812 13.2793
-4.54665 9.16329
-4.73333 10.219
-4.44319 8.9152
-4.58122 9.21687
-4.47033 8.79188
-4.36727 8.19581
-4.22476 7.41589
-4.22523 6.99832
-3.98662 6.07941
-3.60902 4.88775
-3.65736 4.60354
-3.78119 4.33649
-3.46577 3.64877
-3.08781 3.08792
-3.84583 3.60273
-3.42817 2.817
-4.06428 3.8269
-3.76282 3.57732
-4.73545 5.53665
-3.21037 2.55773
-4.09573 2.91677
-6.17403 7.5969
-6.40611 7.93947
0.000414558 0.0389789
-0.000435479 0.01922
-0.000286637 0.0128413
9.08623e-05 0.00501482
-6.12116e-05 0.00482992
-1.95355e-05 0.00315114
-5.01093e-06 0.00449473
3.91077e-05 0.00196091
7.6847e-05 0.00205305
9.48788e-05 0.00230743
0.000121897 0.00143745
4.20375e-05 0.00197586
5.92082e-05 0.00168693
4.43567e-05 0.00145881
5.06886e-05 0.00152496
4.53228e-05 0.00129841
9.74386e-05 0.00118497
0.000108425 0.00117861
4.86609e-05 0.00126371
4.88155e-05 0.00110578
1.31522e-05 0.00105633
1.23772e-05 0.00103456
-4.19729e-05 0.000960505
2.82011e-07 0.000932917
2.77745e-05 0.000879493
1.44817e-05 0.000881995
1.94091e-05 0.000829279
-7.67297e-08 0.000871448
1.73618e-05 0.000758938
1.09453e-05 0.000764472
1.75601e-05 0.000749358
-1.01286e-05 0.000722379
1.10305e-05 0.000741993
5.05808e-06 0.000689164
9.62579e-06 0.000689986
8.87833e-06 0.000663885
-5.31316e-06 0.000658749
2.46972e-05 0.000626907
9.32759e-06 0.000623156
1.94758e-05 0.000627927
1.4616e-05 0.000597701
2.6635e-05 0.000603252
6.98615e-06 0.000583246
1.8269e-05 0.000576546
3.26596e-05 0.000564375
1.37401e-05 0.000555973
2.51205e-05 0.000541992
1.28572e-05 0.000532989
2.56684e-05 0.000518051
1.0997e-05 0.000517345
2.6638e-06 0.000508534
-2.00256e-06 0.000504223
6.59985e-06 0.00049498
1.30983e-05 0.000487264
8.16859e-06 0.000478745
8.09605e-06 0.000468402
-1.45472e-06 0.000456241
3.13833e-06 0.000449822
-4.46182e-06 0.000440591
-4.32923e-06 0.000439869
-4.39964e-06 0.000426461
0.000506215 0.392199
-1.27062e-05 0.32779
-0.000106261 0.281869
7.72601e-05 0.291918
0.000104896 0.264644
9.5659e-05 0.284698
8.10265e-05 0.277342
0.000178659 0.255271
0.000212776 0.229477
0.00020792 0.226797
0.00024777 0.209952
0.000232937 0.188213
3.58632e-05 0.178776
-2.24537e-05 0.176232
0.000272097 0.157633
0.000255673 0.137565
0.000227483 0.171671
0.000342867 0.154437
0.000222688 0.167407
0.000353917 0.161335
7.51963e-05 0.21731
9.12004e-05 0.165863
0.00013294 0.191727
-0.000294364 0.32795
0.000147654 0.458944
4.86932e-05 0.00546929
0.000205161 0.00207533
5.64593e-05 0.00176184
1.74248e-05 0.000757158
-6.15922e-06 0.000720116
-2.12153e-05 0.000469031
-2.97637e-05 0.000659717
-2.476e-05 0.000330146
-3.65244e-05 0.000333655
-2.91178e-05 0.000358329
-3.13478e-05 0.000255767
-2.26079e-05 0.000312269
-2.9734e-05 0.000273081
-3.27705e-05 0.000258921
-2.99419e-05 0.000256594
-2.86705e-05 0.000230825
-2.60974e-05 0.000214228
-3.08099e-05 0.000211617
-2.25716e-05 0.000216141
-2.84034e-05 0.000201458
-2.08236e-05 0.000191062
-1.77018e-05 0.000186342
-1.27626e-05 0.000176878
-1.51341e-05 0.000171591
-1.54896e-05 0.000165338
-1.0803e-05 0.000165081
-1.50008e-05 0.000156942
-6.36396e-06 0.000157044
-8.66334e-06 0.000146307
-6.55864e-06 0.000143196
-7.604e-06 0.000141454
-1.28433e-06 0.000138597
-5.14073e-06 0.000137958
-3.24407e-06 0.000133153
-2.28878e-06 0.000131955
-2.50109e-06 0.00012837
-9.3934e-07 0.000126257
-7.76533e-06 0.000122173
-3.56859e-06 0.000120232
-3.2825e-06 0.000120401
-3.649e-07 0.000116581
-4.36348e-06 0.000115691
-1.86336e-06 0.000113454
-5.63817e-07 0.00011222
-3.00509e-06 0.000110657
-3.54773e-06 0.000109191
-5.52835e-06 0.000106916
2.77117e-06 0.000105009
1.44678e-07 0.000102767
-7.45386e-07 0.000102016
-1.13459e-06 0.000100113
2.60822e-06 0.000100109
2.26647e-06 9.7306e-05
1.10747e-06 9.69876e-05
3.02498e-06 9.4467e-05
1.92988e-06 9.36126e-05
2.56998e-06 9.06074e-05
1.1748e-06 8.97741e-05
3.51334e-06 8.82239e-05
4.31699e-06 8.72499e-05
1.95914e-06 8.52721e-05
5.71739e-05 0.0654093
-3.21523e-05 0.0470217
1.23056e-05 0.0444457
-4.50331e-06 0.0437175
-8.17903e-06 0.0400815
-1.13506e-05 0.0439802
-2.65571e-05 0.0430988
-4.93051e-05 0.0393693
-3.91315e-05 0.0356046
-2.96056e-05 0.0360153
-2.7263e-05 0.0340668
-2.07443e-05 0.0318699
-1.9678e-05 0.0301732
2.1773e-05 0.0299953
-8.78445e-06 0.0269291
-9.32671e-06 0.0238324
-1.06483e-05 0.0296672
1.64436e-05 0.0276481
9.99544e-06 0.028806
1.31868e-05 0.0275748
2.23004e-05 0.035096
4.50599e-05 0.0291203
5.33554e-05 0.0339597
3.42605e-05 0.0568429
5.34481e-05 0.0811661
