0.70468 0.150548
179.877 534.065
-6.45521e-05 0.00375491
-0.0907841 2.62788
-4.89196e-05 0.00051888
2.06082e-06 0.240903
3.9993 1.76446
1.73523 1.18567
0.265457 0.438747
0.514119 0.174135
0.158052 0.146323
0.427657 0.124174
0.0062807 0.139097
0.129863 0.0511783
0.167345 0.0551391
-0.132188 0.0653206
0.204026 0.0296626
-0.100083 0.0469875
0.00291354 0.0381841
-0.0771722 0.0321923
0.0339713 0.0319011
-0.069689 0.0296184
0.0595961 0.0246352
0.0646705 0.0240308
-0.146005 0.0307881
0.0474751 0.0193501
-0.104861 0.021222
0.0698917 0.0185818
-0.104986 0.0182111
0.0175814 0.0159442
-0.0561672 0.0140752
0.0116647 0.0132594
0.00144319 0.0130496
-0.0782763 0.0168569
0.0150077 0.0104719
-0.0809477 0.0135034
-0.00967913 0.0117927
-0.0835275 0.0110266
-0.0359126 0.0122445
-0.0709124 0.00992288
-0.0411328 0.0099562
-0.0299056 0.00905217
-0.051671 0.00933072
-0.0031428 0.00789187
-0.0433133 0.00851121
-0.0254195 0.00865758
-0.0448294 0.00753031
-0.0199035 0.00818427
-0.0662871 0.00758397
-0.0196325 0.00730457
-0.0285309 0.00726498
-0.0162942 0.00675336
-0.0142534 0.00652968
-0.0477194 0.00639051
-0.0100817 0.0058954
-0.0520742 0.00633343
-0.0111363 0.00599875
-0.0376217 0.00579495
-0.0255798 0.00602785
-0.0202925 0.00533883
-0.0204659 0.0055076
-0.0200395 0.00508033
-0.0312923 0.00506125
-0.00917994 0.00490278
-0.0293234 0.00468874
-0.024313 0.00493134
-0.0320709 0.00449342
-5.40223 10.0531
-5.59613 13.2755
-4.54934 9.15552
-4.74368 10.2461
-4.45159 8.92495
-4.58507 9.20358
-4.47699 8.80151
-4.37264 8.19425
-4.23195 7.42737
-4.23117 7.00369
-3.99157 6.07671
-3.61399 4.89628
-3.66535 4.6221
-3.78719 4.34683
-3.46376 3.65043
-3.09308 3.08806
-3.85389 3.61137
-3.43014 2.82015
-4.06134 3.8118
-3.7697 3.58932
-4.73887 5.5201
-3.20092 2.5582
-4.0987 2.91294
-6.18305 7.61029
-6.41842 7.97108
0.000428395 0.0391936
-0.000436457 0.0192708
-0.000291613 0.0128125
9.23935e-05 0.00501804
-5.72998e-05 0.00485236
-2.15821e-05 0.00314825
-3.48609e-06 0.00450176
3.38673e-05 0.00196349
7.70293e-05 0.00205462
9.35399e-05 0.00231388
0.00012241 0.00143808
4.20985e-05 0.00196893
6.09467e-05 0.00168256
4.31651e-05 0.00146005
5.06331e-05 0.00152799
4.46202e-05 0.00129388
9.56489e-05 0.00118442
0.000107123 0.00117569
5.05505e-05 0.00126164
4.94307e-05 0.00110479
1.5111e-05 0.00105669
1.3162e-05 0.00103411
-3.87464e-05 0.000958884
1.58699e-06 0.000931298
2.84615e-05 0.000879108
1.85326e-05 0.000879745
1.99386e-05 0.000827577
1.5605e-06 0.00087257
1.83577e-05 0.000758059
1.14863e-05 0.00076301
1.98044e-05 0.000748532
-5.41671e-06 0.000721843
1.05757e-05 0.000741744
4.0152e-06 0.000687844
9.11284e-06 0.000687121
8.3073e-06 0.000661697
-3.96971e-06 0.000656876
2.34688e-05 0.000626353
1.09734e-05 0.000621027
2.12626e-05 0.00062603
1.48581e-05 0.000597467
2.31856e-05 0.000602538
7.96375e-06 0.000583419
1.6308e-05 0.000574671
3.33281e-05 0.000562254
1.38581e-05 0.000555417
2.75998e-05 0.000540085
1.05883e-05 0.00053137
2.44487e-05 0.000516661
1.2023e-05 0.000516002
4.26885e-06 0.000507028
-1.13077e-06 0.000503509
6.27718e-06 0.000494812
1.39608e-05 0.000486303
6.5134e-06 0.000477491
9.03482e-06 0.00046674
4.22143e-07 0.000455766
5.43136e-06 0.000449032
-5.15101e-06 0.0004407
-3.10382e-06 0.000438636
-4.13755e-06 0.000424941
0.000615701 0.393285
0.000114242 0.328863
-1.65216e-05 0.281727
9.96326e-05 0.292517
0.000187985 0.265221
0.000163976 0.285123
0.000141937 0.277587
0.000255916 0.255544
0.000204914 0.229974
0.000140341 0.226625
0.000220229 0.210139
0.000262949 0.188209
1.96197e-05 0.17931
-2.24707e-05 0.176066
0.000319101 0.157542
0.000297849 0.137872
0.000215717 0.171542
0.000340648 0.153985
0.000222932 0.16633
0.000365326 0.16106
4.39072e-05 0.215961
0.00010424 0.165413
0.000138292 0.190492
-0.000240108 0.326034
0.000160401 0.458931
4.56373e-05 0.00550081
0.000203647 0.00208506
5.69706e-05 0.00175863
1.63006e-05 0.000757517
-5.12876e-06 0.000724131
-2.09728e-05 0.0004686
-2.93277e-05 0.000660439
-2.45867e-05 0.000330744
-3.60734e-05 0.000334623
-2.99242e-05 0.000359316
-3.13153e-05 0.000256219
-2.40652e-05 0.000311351
-2.8427e-05 0.00027274
-3.14687e-05 0.000259137
-2.99961e-05 0.000257544
-2.87473e-05 0.000230002
-2.75441e-05 0.000214399
-2.98507e-05 0.000211437
-2.13709e-05 0.000215698
-2.69583e-05 0.000201354
-2.10438e-05 0.000191118
-1.75763e-05 0.000186382
-1.34321e-05 0.000176585
-1.49675e-05 0.000171305
-1.59781e-05 0.000165258
-1.15383e-05 0.000164682
-1.56739e-05 0.000156553
-6.41472e-06 0.000157293
-7.55357e-06 0.000146175
-7.03185e-06 0.000142987
-7.27104e-06 0.000141392
-1.6213e-06 0.000138489
-4.39731e-06 0.000137991
-3.60755e-06 0.000132898
-1.61204e-06 0.000131435
-2.63453e-06 0.000128019
-1.02236e-06 0.00012591
-7.35263e-06 0.000122016
-3.89959e-06 0.000119761
-3.6768e-06 0.000120139
1.03495e-07 0.000116646
-3.96654e-06 0.000115479
-1.95467e-06 0.000113501
3.28424e-07 0.000111887
-3.04217e-06 0.000110182
-2.40809e-06 0.000109144
-4.91254e-06 0.000106488
3.39478e-06 0.000104747
-5.3636e-07 0.000102503
-3.06156e-07 0.000101794
-8.24513e-07 9.98891e-05
1.97019e-06 0.000100021
2.19035e-06 9.72729e-05
7.78402e-07 9.68308e-05
2.80822e-06 9.42788e-05
2.07104e-06 9.32437e-05
3.22912e-06 9.0491e-05
9.00573e-07 8.96553e-05
3.5033e-06 8.82621e-05
4.05291e-06 8.70542e-05
2.23079e-06 8.49782e-05
2.39528e-05 0.0656039
-3.8507e-05 0.0472871
2.37732e-05 0.044397
-5.51178e-06 0.0437788
-5.88808e-06 0.0401628
-2.00891e-05 0.0441269
-3.1936e-05 0.043169
-3.42708e-05 0.0394391
-2.70192e-05 0.0356791
-2.28504e-05 0.0359255
-2.48116e-05 0.0341125
1.05798e-05 0.0318723
-4.48202e-06 0.0302881
1.97675e-05 0.0299091
-1.64115e-05 0.0269149
-6.62264e-07 0.0238806
-8.40839e-06 0.0296374
2.14875e-05 0.0275386
2.3041e-05 0.0285904
1.92541e-05 0.0274471
3.12976e-05 0.0348702
4.47992e-05 0.0290432
5.69976e-05 0.0337145
3.72065e-05 0.0564332
5.49719e-05 0.08109
