0.813979 0.0523643
263.196 5125.29
0.000461957 0.00313458
0.171271 4.09641
-7.80767e-05 0.000570233
2.34243e-05 0.222778
3.21576 2.02282
1.89813 1.04335
0.216962 0.243909
0.44334 0.077729
0.22003 0.0611251
0.423624 0.0721869
0.0749177 0.0590348
0.153023 0.0419368
0.0897259 0.0306109
0.148997 0.0207081
0.0659682 0.026679
0.0367597 0.0393323
0.104864 0.0190931
0.0129146 0.0386744
-0.0275854 0.0381652
0.0656445 0.0189692
0.0271115 0.02241
0.0448815 0.0194412
-0.000497331 0.0240683
0.0351985 0.016983
0.0233041 0.0164628
0.0345411 0.0146527
0.0140072 0.0152095
0.0332665 0.0143711
0.0238182 0.01288
0.0438568 0.0121461
0.0331191 0.0103641
0.0290406 0.0112928
0.00471798 0.013169
0.0381768 0.00944142
0.0175535 0.00993932
0.0121418 0.0106218
0.021292 0.00858326
0.0175228 0.00908121
0.00492964 0.00875464
0.0218379 0.00759065
0.00951639 0.00748332
0.0132601 0.0075643
0.00316503 0.00754032
0.0170703 0.00695711
-0.00972291 0.00780089
0.00903756 0.0068828
-0.0018963 0.00690273
0.00337964 0.00715924
0.00638891 0.00658149
0.0107624 0.00668931
0.0054184 0.00673822
0.0119336 0.00671535
0.0082858 0.00671799
0.0143809 0.00681808
0.00896554 0.00674677
0.0126688 0.00679434
0.00898846 0.00681081
0.022805 0.00685061
0.00600997 0.00668229
0.0207059 0.00692216
0.0169553 0.00687019
0.0171598 0.00687477
0.0140233 0.00698374
0.0253761 0.00719623
0.0137268 0.00681442
-4.95156 6.94474
-4.40005 13.8839
-4.4935 12.6818
-3.84496 7.96998
-4.15515 9.32112
-3.8946 7.43686
-3.79541 6.44526
-3.69359 5.52609
-3.6027 4.506
-3.58681 4.0657
-3.55605 3.6758
-3.5041 3.18487
-3.59291 2.90761
-3.61431 2.52426
-3.48315 1.98743
-3.46605 1.65033
-3.86873 2.02564
-3.74402 1.55521
-4.42992 2.43328
-4.57675 2.8272
-4.0295 0.99253
-4.70845 1.31227
-4.49805 0.834329
-6.11503 1.80857
-6.92099 1.91489
-0.00132761 0.0371548
-0.000537479 0.0182454
-2.49222e-05 0.00805399
0.000112127 0.00378666
7.38055e-05 0.00266521
9.60662e-05 0.00250536
7.6563e-05 0.00241766
9.11971e-05 0.00182974
6.31149e-05 0.00140563
8.05773e-05 0.00125745
8.91941e-05 0.00131722
0.000116577 0.00156707
9.63861e-05 0.00122581
8.17621e-05 0.00148078
6.56999e-05 0.0013335
7.47145e-05 0.00105536
6.23021e-05 0.00107438
8.84083e-05 0.00100685
8.62656e-05 0.0010735
8.73751e-05 0.000947715
7.62574e-05 0.000919279
8.44041e-05 0.000891514
6.18602e-05 0.0008769
6.96673e-05 0.000863327
5.95838e-05 0.00083478
6.27379e-05 0.000803132
6.4324e-05 0.000775187
6.67254e-05 0.000763959
4.49987e-05 0.000772924
5.62855e-05 0.000738356
5.41263e-05 0.000723025
5.83107e-05 0.00071863
5.01855e-05 0.000704738
5.87916e-05 0.000691563
5.4296e-05 0.000675075
4.09615e-05 0.000655168
3.76481e-05 0.000649107
4.31623e-05 0.000643862
3.61443e-05 0.000633442
4.82692e-05 0.00062153
3.37128e-05 0.000623217
4.03509e-05 0.000609779
3.52307e-05 0.000599172
3.20585e-05 0.00059727
1.89152e-05 0.000585553
2.65835e-05 0.000587177
1.95837e-05 0.000583787
2.11506e-05 0.000576671
1.9342e-05 0.000579518
1.60337e-05 0.000579761
1.08556e-05 0.000574617
1.32408e-05 0.000579351
1.34201e-05 0.00058106
1.87674e-05 0.000584361
9.90795e-06 0.000578364
1.30482e-05 0.000576146
6.96298e-06 0.000577758
3.65951e-06 0.000581635
1.33333e-06 0.000587718
6.19968e-06 0.000594817
-2.81644e-06 0.000587508
-0.00168624 0.63044
3.25899e-05 0.287787
6.28803e-05 0.289608
-0.000356567 0.253983
-0.000413753 0.278115
-0.000463596 0.252905
-0.000501523 0.23087
-0.000426788 0.208939
-0.000409905 0.184105
-0.000415019 0.176642
-0.000378145 0.165506
-0.000673684 0.157175
-0.000731572 0.144189
-0.000289416 0.132078
-0.000308508 0.116923
-0.00058903 0.104447
-0.000735235 0.1085
-0.00053464 0.0944621
-0.000298991 0.114235
-0.000752591 0.129323
-0.000756952 0.0770221
-0.000891523 0.0833323
-0.000965598 0.0726641
-0.000963943 0.109886
-0.00115707 0.136595
0.00045556 0.00533826
0.000171759 0.00207141
3.33967e-05 0.00116904
-1.53226e-05 0.000616509
-2.27003e-06 0.000448959
-3.4159e-05 0.000395846
-1.63848e-05 0.000391395
-3.61399e-05 0.000307728
-3.06282e-05 0.000252746
-4.1807e-05 0.000234531
-2.63951e-05 0.000237713
-2.76611e-05 0.000261549
-2.56763e-05 0.000230791
-3.51315e-05 0.000251447
-3.00204e-05 0.000231704
-3.62405e-05 0.000198153
-3.23269e-05 0.000199589
-3.3966e-05 0.000190058
-2.07485e-05 0.000195556
-2.45083e-05 0.000180775
-2.17399e-05 0.00017594
-2.50947e-05 0.000172441
-2.05569e-05 0.000168558
-2.77456e-05 0.000166337
-2.66762e-05 0.000161687
-2.60446e-05 0.000156124
-2.1726e-05 0.000153642
-2.57852e-05 0.000150846
-2.19696e-05 0.000150643
-2.46525e-05 0.000147078
-1.78134e-05 0.000144098
-1.85993e-05 0.000142435
-1.5375e-05 0.000141444
-1.99483e-05 0.000138779
-1.41285e-05 0.000135644
-1.61979e-05 0.000132789
-1.28214e-05 0.000131853
-1.62153e-05 0.00013032
-1.08671e-05 0.000127932
-1.23429e-05 0.000126307
-1.06337e-05 0.000125801
-1.20314e-05 0.000123658
-9.39412e-06 0.000120947
-1.10859e-05 0.000120049
-1.03898e-05 0.000118452
-9.01013e-06 0.000118373
-5.44054e-06 0.000117107
-7.65922e-06 0.000115368
-4.4497e-06 0.000115452
-5.77936e-06 0.000115418
-3.86519e-06 0.000113796
-6.78402e-06 0.000114884
-4.91878e-06 0.000114827
-3.92457e-06 0.000115643
-1.10981e-06 0.000114159
-5.52644e-06 0.000113816
-3.25387e-06 0.000114029
-3.67196e-06 0.000114585
-1.63939e-06 0.000116304
-1.57949e-06 0.000117494
6.97495e-07 0.000116075
0.000503337 0.124671
-6.28523e-06 0.0434635
3.13334e-05 0.0444632
-2.49509e-05 0.0412247
-3.73116e-05 0.0438968
-5.14148e-05 0.0406521
-6.04997e-05 0.0372887
-5.02871e-05 0.0344586
-4.70489e-05 0.0311485
-5.25292e-05 0.0300877
-5.38808e-05 0.028439
-7.67821e-05 0.0276291
-5.49508e-05 0.0254037
-2.56092e-05 0.0232972
-3.68613e-05 0.0212087
1.04783e-05 0.0192973
1.02044e-05 0.0191145
1.03704e-05 0.017222
4.50408e-05 0.0193677
3.12432e-05 0.0213875
5.68878e-05 0.0148406
6.56245e-05 0.0154285
8.11649e-05 0.014193
0.000104832 0.0210567
0.000130756 0.02685
